5265.752441 5192.522461 0.000000
2711.280273 5192.522949 0.000000
2555.988770 5172.079102 0.000000
2411.280273 5112.138184 0.000000
2287.016113 5016.787109 0.000000
2191.665039 4892.522949 0.000000
2131.724609 4747.814941 0.000000
2111.280273 4592.522949 0.000000
2111.280273 2681.330566 0.000000
2131.724609 2526.039063 0.000000
2191.665039 2381.330566 0.000000
2287.016113 2257.066406 0.000000
2411.280273 2161.715332 0.000000
2555.988770 2101.774902 0.000000
2711.280273 2081.330566 0.000000
13667.072266 2081.330078 0.000000
13667.072266 1481.329712 0.000000
11287.807617 1481.329834 0.000000
11134.734375 1450.881714 0.000000
11004.964844 1364.172729 0.000000
10918.256836 1234.403198 0.000000
10887.807617 1081.329956 0.000000
10887.807617 -0.000649 0.000000
10287.807617 -0.000613 0.000000
10287.807617 1081.329956 0.000000
10257.359375 1234.403198 0.000000
10170.651367 1364.172729 0.000000
10040.881836 1450.881714 0.000000
9887.807617 1481.329956 0.000000
2711.280273 1481.330444 0.000000
2554.648438 1491.596558 0.000000
2400.697266 1522.219604 0.000000
2252.060059 1572.675171 0.000000
2111.280273 1642.099976 0.000000
1980.766602 1729.306519 0.000000
1862.751953 1832.802612 0.000000
1759.255859 1950.816772 0.000000
1672.049805 2081.330811 0.000000
1602.624512 2222.110596 0.000000
1552.168945 2370.747803 0.000000
1521.546387 2524.699219 0.000000
1511.280273 2681.330811 0.000000
1511.280273 4761.161133 0.000000
1498.073242 4886.356445 0.000000
1459.033691 5006.040527 0.000000
1395.880371 5114.944336 0.000000
1311.393555 5208.272949 0.000000
1209.291992 5281.918945 0.000000
1094.071289 5332.639160 0.000000
0.000000 5682.585449 0.000000
0.000000 6312.531250 0.000000
1975.619141 5680.614746 0.000000
2480.898438 7192.783691 0.000000
2480.898438 10692.209961 0.000000
3080.898438 10692.209961 0.000000
3080.898438 6392.522949 0.000000
3101.343018 6237.231934 0.000000
3161.283203 6092.522949 0.000000
3256.634521 5968.259277 0.000000
3380.898438 5872.907715 0.000000
3525.607178 5812.967773 0.000000
3680.898438 5792.522949 0.000000
5265.752441 5792.522461 0.000000
5265.752441 5192.522461 0.000000